,author
0,\author{Giulio Bonelli\footnote{e-mail address: gbonelli@ulb.ac.be}}
