,array
0,"\begin{array}{ccccccccc}
   9 & 8 & 7 & 6 & 5 & 4 & 3 & 2 & 1 \\
   8 & 16 & 14 & 12 & 10 & 8 & 6 & 4 & 2 \\
   7 & 14 & 21 & 18 & 15 & 12 & 9 & 6 & 3 \\
   6 & 12 & 18 & 24 & 20 & 16 & 12 & 8 & 4 \\
   5 & 10 & 15 & 20 & 25 & 20 & 15 & 10 & 5 \\
   4 & 8 & 12 & 16 & 20 & 24 & 18 & 12 & 6 \\
   3 & 6 & 9 & 12 & 15 & 18 & 21 & 14 & 7 \\
   2 & 4 & 6 & 8 & 10 & 12 & 14 & 16 & 8 \\
   1 & 2 & 3 & 4 & 5 & 6 & 7 & 8 & 9
\"
1,"\begin{array}{cccccccccc}
   10 & 9 & 8 & 7 & 6 & 5 & 4 & 3 & 2 & 1 \\
   9 & 18 & 16 & 14 & 12 & 10 & 8 & 6 & 4 & 2 \\
   8 & 16 & 24 & 21 & 18 & 15 & 12 & 9 & 6 & 3 \\
   7 & 14 & 21 & 28 & 24 & 20 & 16 & 12 & 8 & 4 \\
   6 & 12 & 18 & 24 & 30 & 25 & 20 & 15 & 10 & 5 \\
   5 & 10 & 15 & 20 & 25 & 30 & 24 & 18 & 12 & 6 \\
   4 & 8 & 12 & 16 & 20 & 24 & 28 & 21 & 14 & 7 \\
   3 & 6 & 9 & 12 & 15 & 18 & 21 & 24 & 16 & 8 \\
   2 & 4 & 6 & 8 & 10 & 12 & 14 & 16 & 18 & 9 \\
   1 & 2 & 3 & 4 & 5 & 6 & 7 & 8 & 9 & 10
\"
