,section\*
0,\section*{ Acknowledgment}
